    0.0000E+00  -1.39339E-07 0.2195
    1.0000E-05   0.00000E+00 0.0000
    9.9109E-03   3.10235E-09 0.7072
    1.9812E-02   1.89149E-08 0.4132
    2.9713E-02   1.67047E-08 0.5777
    3.9614E-02   3.47058E-08 0.4495
    4.9514E-02   2.74320E-08 0.5777
    5.9415E-02   8.79704E-08 0.3540
    6.9316E-02   2.59794E-08 0.7071
    7.9217E-02   1.33507E-07 0.3336
    8.9118E-02   9.91797E-08 0.4085
    9.9019E-02   1.12783E-07 0.4084
    1.0892E-01   8.23368E-08 0.5003
    1.1882E-01   9.17931E-08 0.5002
    1.2872E-01   7.39716E-08 0.5774
    1.3862E-01   8.08745E-08 0.5775
    1.4852E-01   1.73741E-07 0.4083
    1.5842E-01   9.26034E-08 0.5774
    1.6833E-01   6.66814E-08 0.7071
    1.7823E-01   3.48531E-08 1.0000
    1.8813E-01   7.29856E-08 0.7073
    1.9803E-01   1.54805E-07 0.5000
    2.0793E-01   0.00000E+00 0.0000
    2.1783E-01   8.52518E-08 0.7071
    2.2773E-01   8.89854E-08 0.7071
    2.3763E-01   9.27050E-08 0.7072
    2.4753E-01   0.00000E+00 0.0000
    2.5743E-01   4.96841E-08 1.0000
    2.6733E-01   5.21464E-08 1.0000
    2.7723E-01   1.08825E-07 0.7072
    2.8714E-01   1.13309E-07 0.7071
    2.9704E-01   5.75879E-08 1.0000
    3.0694E-01   0.00000E+00 0.0000
    3.1684E-01   1.86283E-07 0.5774
    3.2674E-01   1.29167E-07 0.7071
    3.3664E-01   6.73078E-08 1.0000
    3.4654E-01   6.74846E-08 1.0000
    3.5644E-01   0.00000E+00 0.0000
    3.6634E-01   7.22135E-08 1.0000
    3.7624E-01   0.00000E+00 0.0000
    3.8614E-01   0.00000E+00 0.0000
    3.9605E-01   7.84688E-08 1.0000
    4.0595E-01   8.02296E-08 1.0000
    4.1585E-01   0.00000E+00 0.0000
    4.2575E-01   1.67568E-07 0.7071
    4.3565E-01   8.67173E-08 1.0000
    4.4555E-01   8.77077E-08 1.0000
    4.5545E-01   0.00000E+00 0.0000
    4.6535E-01   9.24493E-08 1.0000
    4.7525E-01   3.77966E-07 0.5000
    4.8515E-01   9.59122E-08 1.0000
    4.9505E-01   0.00000E+00 0.0000
    5.0496E-01   1.00169E-07 1.0000
    5.1486E-01   1.02917E-07 1.0000
    5.2476E-01   2.09155E-07 0.7071
    5.3466E-01   1.06587E-07 1.0000
    5.4456E-01   0.00000E+00 0.0000
    5.5446E-01   0.00000E+00 0.0000
    5.6436E-01   0.00000E+00 0.0000
    5.7426E-01   0.00000E+00 0.0000
    5.8416E-01   2.31787E-07 0.7071
    5.9406E-01   0.00000E+00 0.0000
    6.0396E-01   1.19139E-07 1.0000
    6.1387E-01   2.42626E-07 0.7071
    6.2377E-01   0.00000E+00 0.0000
    6.3367E-01   0.00000E+00 0.0000
    6.4357E-01   1.27975E-07 1.0000
    6.5347E-01   0.00000E+00 0.0000
    6.6337E-01   0.00000E+00 0.0000
    6.7327E-01   0.00000E+00 0.0000
    6.8317E-01   0.00000E+00 0.0000
    6.9307E-01   0.00000E+00 0.0000
    7.0297E-01   0.00000E+00 0.0000
    7.1287E-01   0.00000E+00 0.0000
    7.2278E-01   0.00000E+00 0.0000
    7.3268E-01   0.00000E+00 0.0000
    7.4258E-01   0.00000E+00 0.0000
    7.5248E-01   0.00000E+00 0.0000
    7.6238E-01   0.00000E+00 0.0000
    7.7228E-01   0.00000E+00 0.0000
    7.8218E-01   4.66291E-07 0.5774
    7.9208E-01   0.00000E+00 0.0000
    8.0198E-01   0.00000E+00 0.0000
    8.1188E-01   1.62198E-07 1.0000
    8.2178E-01   0.00000E+00 0.0000
    8.3168E-01   0.00000E+00 0.0000
    8.4159E-01   1.68206E-07 1.0000
    8.5149E-01   1.68518E-07 1.0000
    8.6139E-01   1.71382E-07 1.0000
    8.7129E-01   1.72300E-07 1.0000
    8.8119E-01   0.00000E+00 0.0000
    8.9109E-01   0.00000E+00 0.0000
    9.0099E-01   0.00000E+00 0.0000
    9.1089E-01   0.00000E+00 0.0000
    9.2079E-01   0.00000E+00 0.0000
    9.3069E-01   0.00000E+00 0.0000
    9.4059E-01   0.00000E+00 0.0000
    9.5050E-01   1.89613E-07 1.0000
    9.6040E-01   1.90317E-07 1.0000
    9.7030E-01   0.00000E+00 0.0000
    9.8020E-01   3.89976E-07 0.7071
    9.9010E-01   0.00000E+00 0.0000
    1.0000E+00   0.00000E+00 0.0000