    0.0000E+00   0.00000E+00 0.0000
    1.0000E-05   4.41038E-17 0.3331
    3.9614E-02   1.23374E-07 0.4760
    7.9218E-02   5.16829E-07 0.3571
    1.1882E-01   5.10801E-07 0.4495
    1.5843E-01   1.49290E-06 0.3026
    1.9803E-01   1.29225E-06 0.3785
    2.3763E-01   1.06516E-06 0.4480
    2.7724E-01   9.83962E-07 0.5000
    3.1684E-01   5.75621E-07 0.7073
    3.5644E-01   6.68933E-07 0.7071
    3.9605E-01   3.82631E-07 1.0000
    4.3565E-01   0.00000E+00 0.0000
    4.7526E-01   9.10491E-07 0.7072
    5.1486E-01   9.55204E-07 0.7071
    5.5446E-01   1.07245E-06 0.7072
    5.9407E-01   5.74571E-07 1.0000
    6.3367E-01   6.12833E-07 1.0000
    6.7328E-01   1.32656E-06 0.7071
    7.1288E-01   0.00000E+00 0.0000
    7.5248E-01   7.32167E-07 1.0000
    7.9209E-01   0.00000E+00 0.0000
    8.3169E-01   8.16738E-07 1.0000
    8.7129E-01   0.00000E+00 0.0000
    9.1090E-01   8.95183E-07 1.0000
    9.5050E-01   9.22678E-07 1.0000
    9.9011E-01   0.00000E+00 0.0000
    1.0297E+00   0.00000E+00 0.0000
    1.0693E+00   0.00000E+00 0.0000
    1.1089E+00   1.08139E-06 1.0000
    1.1485E+00   0.00000E+00 0.0000
    1.1881E+00   0.00000E+00 0.0000
    1.2277E+00   1.21485E-06 1.0000
    1.2673E+00   0.00000E+00 0.0000
    1.3069E+00   0.00000E+00 0.0000
    1.3465E+00   0.00000E+00 0.0000
    1.3861E+00   0.00000E+00 0.0000
    1.4257E+00   1.39675E-06 1.0000
    1.4654E+00   0.00000E+00 0.0000
    1.5050E+00   0.00000E+00 0.0000
    1.5446E+00   0.00000E+00 0.0000
    1.5842E+00   0.00000E+00 0.0000
    1.6238E+00   0.00000E+00 0.0000
    1.6634E+00   0.00000E+00 0.0000
    1.7030E+00   0.00000E+00 0.0000
    1.7426E+00   0.00000E+00 0.0000
    1.7822E+00   1.75776E-06 1.0000
    1.8218E+00   0.00000E+00 0.0000
    1.8614E+00   0.00000E+00 0.0000
    1.9010E+00   1.86679E-06 1.0000
    1.9406E+00   0.00000E+00 0.0000
    1.9802E+00   0.00000E+00 0.0000
    2.0198E+00   0.00000E+00 0.0000
    2.0594E+00   0.00000E+00 0.0000
    2.0990E+00   0.00000E+00 0.0000
    2.1386E+00   0.00000E+00 0.0000
    2.1782E+00   0.00000E+00 0.0000
    2.2178E+00   0.00000E+00 0.0000
    2.2574E+00   0.00000E+00 0.0000
    2.2970E+00   0.00000E+00 0.0000
    2.3366E+00   2.33657E-06 1.0000
    2.3762E+00   0.00000E+00 0.0000
    2.4158E+00   0.00000E+00 0.0000
    2.4554E+00   0.00000E+00 0.0000
    2.4951E+00   0.00000E+00 0.0000
    2.5347E+00   0.00000E+00 0.0000
    2.5743E+00   0.00000E+00 0.0000
    2.6139E+00   2.61110E-06 1.0000
    2.6535E+00   0.00000E+00 0.0000
    2.6931E+00   0.00000E+00 0.0000
    2.7327E+00   0.00000E+00 0.0000
    2.7723E+00   0.00000E+00 0.0000
    2.8119E+00   0.00000E+00 0.0000
    2.8515E+00   0.00000E+00 0.0000
    2.8911E+00   0.00000E+00 0.0000
    2.9307E+00   0.00000E+00 0.0000
    2.9703E+00   0.00000E+00 0.0000
    3.0099E+00   0.00000E+00 0.0000
    3.0495E+00   0.00000E+00 0.0000
    3.0891E+00   0.00000E+00 0.0000
    3.1287E+00   0.00000E+00 0.0000
    3.1683E+00   3.15751E-06 1.0000
    3.2079E+00   0.00000E+00 0.0000
    3.2475E+00   0.00000E+00 0.0000
    3.2871E+00   0.00000E+00 0.0000
    3.3267E+00   0.00000E+00 0.0000
    3.3663E+00   0.00000E+00 0.0000
    3.4059E+00   0.00000E+00 0.0000
    3.4455E+00   0.00000E+00 0.0000
    3.4851E+00   0.00000E+00 0.0000
    3.5248E+00   0.00000E+00 0.0000
    3.5644E+00   0.00000E+00 0.0000
    3.6040E+00   0.00000E+00 0.0000
    3.6436E+00   0.00000E+00 0.0000
    3.6832E+00   0.00000E+00 0.0000
    3.7228E+00   0.00000E+00 0.0000
    3.7624E+00   0.00000E+00 0.0000
    3.8020E+00   0.00000E+00 0.0000
    3.8416E+00   0.00000E+00 0.0000
    3.8812E+00   0.00000E+00 0.0000
    3.9208E+00   0.00000E+00 0.0000
    3.9604E+00   0.00000E+00 0.0000
    4.0000E+00   0.00000E+00 0.0000
      total      3.18541E-05 0.2006